187124543 455618525 263.10
187124525 455618522 267.23
187124498 455618517 270.61
187124472 455618516 267.23
187124446 455618513 262.41
187124422 455618522 247.35
187124403 455618527 244.02
187124384 455618529 246.00
187124369 455618534 244.32
187124357 455618544 234.54
187124342 455618556 227.17
187124325 455618560 233.73
187124312 455618560 243.37
187124299 455618568 238.81
187124289 455618581 233.20
187124280 455618594 230.44
187124273 455618606 218.98
187124261 455618610 223.06
187124250 455618615 220.85
187124237 455618627 220.77
187124235 455618621 260.40
187124238 455618632 223.35
187124239 455618633 206.89
187124227 455618647 212.07
187124227 455618639 264.65
187124232 455618631 311.76
187124235 455618627 338.61
187124236 455618625 351.80
187124238 455618624 11.78
187124240 455618622 21.84
187124240 455618619 15.62
187124242 455618618 29.62
187124244 455618618 46.49
187124246 455618617 51.90
187124248 455618617 62.50
187124257 455618620 79.37
187124262 455618621 87.28
187124266 455618622 92.78
187124268 455618623 99.44
187124270 455618623 97.09
187124283 455618627 100.88
187124290 455618627 97.14
187124296 455618628 97.91
187124295 455618630 128.07
187124296 455618629 108.71