1.41 -20.41
1.41 -20.41
1.41 -20.41
1.41 -20.41
3.05 -19.44
3.05 -19.44
3.05 -19.44
4.32 -17.42
4.32 -17.42
4.32 -17.42
7.05 -15.41
7.05 -15.41
7.05 -15.41
8.23 -16.80
8.23 -16.80
8.23 -16.80
8.23 -16.80
9.41 -17.22
9.41 -17.22
9.41 -17.22
11.50 -15.48
11.50 -15.48
11.50 -15.48
12.14 -13.05
12.14 -13.05
12.14 -13.05
12.14 -13.05
14.59 -11.25
14.59 -11.25
14.59 -11.25
15.41 -15.34
15.41 -15.34
15.41 -15.34
16.23 -10.90
16.23 -10.90
16.23 -10.90
17.50 -7.98
17.50 -7.98
17.50 -7.98
17.50 -7.98
17.95 -6.39
17.95 -6.39
17.95 -6.39
19.05 -3.61
19.05 -3.61
19.05 -3.61
19.32 -1.11
19.32 -1.11
19.32 -1.11
19.32 -1.11
20.05 -2.29
20.05 -2.29
20.05 -2.29
19.14 -0.62
19.14 -0.62
19.14 -0.62
20.41 1.87
20.41 1.87
20.41 1.87
19.77 5.76
19.77 5.76
19.77 5.76
19.77 5.76
19.32 7.43
19.32 7.43
19.32 7.43
18.95 5.69
18.95 5.69
18.95 5.69
17.68 7.91
17.68 7.91
17.68 7.91
17.68 7.91
16.86 10.20
16.86 10.20
16.86 10.20
15.77 12.84
15.77 12.84
15.77 12.84
14.23 14.16
14.23 14.16
14.23 14.16
14.23 13.33
13.68 13.33
13.68 13.33
13.68 13.33
11.05 14.44
11.05 14.44
11.05 14.44
9.50 15.62
9.50 15.62
9.50 15.62
7.05 17.84
7.05 17.84
7.05 17.84
7.05 17.84
6.05 18.88
6.05 18.88
6.05 18.88
3.86 15.34
3.86 15.34
3.86 15.34
1.32 16.24
1.32 16.24
1.32 16.24
1.32 16.24
0.05 16.11
0.05 16.11
0.05 16.11
-2.14 18.40
-2.14 18.40
-2.14 18.40
-4.32 18.19
-4.32 18.19
-4.32 18.19
-5.68 20.41
-5.68 20.41
-5.68 20.41
-5.68 20.41
-7.68 13.12
-7.68 13.12
-7.68 13.12
-8.86 14.16
-8.86 14.16
-8.86 14.16
-10.41 14.02
-10.41 14.02
-10.41 14.02
-10.41 14.02
-12.68 14.37
-12.68 14.37
-12.68 14.37
-14.05 13.05
-14.05 13.05
-14.05 13.05
-15.05 7.01
-15.05 7.01
-15.05 7.01
-16.59 7.57
-16.59 7.57
-16.59 7.57
-16.59 7.57
-17.86 6.80
-17.86 6.80
-17.86 6.80
-18.23 7.08
-18.23 7.08
-18.23 7.08
-18.23 6.73
-18.23 6.73
-18.23 6.73
-18.23 6.73
-19.59 0.90
-19.59 0.90
-19.59 0.90
-19.68 -0.07
-19.68 -0.07
-19.68 -0.07
-19.86 -0.76
-19.86 -0.76
-19.86 -0.76
-19.41 -1.46
-19.41 -1.46
-19.41 -1.46
-19.41 -1.46
-20.41 -1.94
-20.41 -1.94
-20.41 -1.94
-20.23 -2.01
-20.23 -2.01
-20.23 -2.01
-19.41 -8.19
-19.41 -8.19
-19.41 -8.19
-19.41 -8.19
-19.32 -8.89
-19.32 -8.89
-19.32 -8.89
-18.95 -9.23
-18.95 -9.23
-18.95 -9.23
-18.50 -8.40
-18.50 -8.40
-18.50 -8.40
-18.50 -7.77
-17.59 -7.77
-17.59 -7.77
-17.59 -7.77
-16.68 -15.41
-16.68 -15.41
-16.68 -15.41
-16.68 -16.11
-16.68 -16.11
-16.68 -16.11
-15.23 -15.20
-15.23 -15.20
-15.23 -15.20
-15.23 -15.20
-14.23 -14.79
-14.23 -14.79
6.86 8.75